0,Start,400
2,Saloniki,120,10,40,120,360,640,900
0,Szansa,0
2,Ateny,120,10,40,120,360,640,900
0,Parking Strzezony,-400
1,Linie Kolejowe Poludniowe,400,50,100,200,400
2,Neapol,200,15,60,180,540,800,1100
0,Szansa,1
2,Mediolan,200,15,60,180,540,800,1100
2,Rzym,240,20,80,200,600,900,1200
0,Wiezienie Odwiedziny
2,Barcelona,280,20,100,300,900,1250,1500
1,Elektrownia,300
2,Sewilla,280,20,100,300,900,1250,1500
2,Madryt,320,25,120,360,1000,1400,1800
1,Linie Kolejowe Zachodnie,400,50,100,200,400
2,Liverpool,360,30,140,400,1100,1500,1900
0,Szansa,0
2,Glasgow,360,30,140,400,1100,1500,1900
2,Londyn,400,35,160,440,1200,1600,2000
0,Darmowy Parking
2,Rotterdam,440,35,180,500,1400,1750,2100
0,Szansa,1
2,Bruksela,440,35,180,500,1400,1750,2100
2,Amsterdam,480,40,200,600,1500,1850,2200
1,Linie Kolejowe Polnocne,400,50,100,200,400
2,Malmo,520,45,220,660,1600,1950,2300
2,Goteborg,520,45,220,660,1600,1950,2300
1,Siec Wodociagowa,300
2,Sztokholm,560,50,240,720,1700,2050,2400
0,Wiezienie
2,Frankfurt,600,55,260,780,1900,2200,2550
2,Kolonia,600,55,260,780,1900,2200,2550
0,Szansa,0
2,Bonn,640,60,300,900,2000,2400,2800
1,Linie Kolejowe Wschodnie,400,50,100,200,400
0,Szansa,1
2,Insbruck,700,70,350,1000,2200,2600,3000
0,Podatek Od Wzbogacenia,-200
2,Wieden,800,100,400,1200,2800,3400,4000